comment_text,comment_speed,comment_service,comment_taste,comment_time
Sizin dışınızda siparişi istediğim lezzette getiren yok.,10.0,10.0,10.0,1606609392
Hızlı geldi ve sıcacıktı ayrıca çook da lezzetliydi.,10.0,10.0,10.0,1606609392
Porsiyon ciddi miktarda küçülmüş bir önceki siparişime göre..,10.0,10.0,6.0,1606609392
"Kumpir patatesi kötü idi... Kapkara patates idi... Ama kumru muhteşemdi. Servis, paket çok iyiydi. Kumpir dikkat lütfen.",8.0,8.0,7.0,1606609392
Her zamanki gibi güzeldi.,10.0,10.0,10.0,1606609392
Notlara dikkat ederseniz sevinirim.,10.0,9.0,8.0,1606522992
Kuryeniz kibar ve hızlıydı teşekkürlerrrr.,10.0,8.0,8.0,1606436592
Siparişteki patatesi koymamışlar arayıp istedik gönderiyorum dedi fakat gelmedi tostta zeytin vardı onuda koymamışlar malzemede iyice azalmış.,5.0,1.0,3.0,1606436592
Teşekkürler.,9.0,9.0,9.0,1606436592
Sürekli burdan sipariş ediyorum her seferinde aynı lezzet aynı kalite mükemmel birde kuryeniz aşırı sempatikti kesinlikle değiştirmeyin jdnsns.,10.0,10.0,10.0,1606436592
Hızda eksi olsaydı eksi verirdim.,1.0,5.0,6.0,1606436592
Tek kelimeyle mükemmel.,10.0,10.0,9.0,1606350192
Bayat malzeme.,5.0,8.0,5.0,1606350192
Eski lezzet ve doyuruculuk geri gelmiş.,9.0,9.0,10.0,1606350192
Ayvalık ekmeği ne zaman yesem bayat.,1.0,4.0,5.0,1606350192
Sosislerde ve ekmekte yanıklar vardı ekmek gün geçtikçe kilo veriyoe.,10.0,5.0,4.0,1606263792
"İnanılmaz doyurucu ayvalık tost, sadece ben biraz daha yağlı seviyorum, elinize sağlık.",9.0,9.0,9.0,1606177392
İlk kez denedik. Güzeldi. Yanıkları fazla olmamasına dikkat edilmeli sadece. Kurye daha hızlı olabilir.,5.0,8.0,7.0,1606177392
Elinize sağlık lezzetli.,10.0,10.0,10.0,1606177392
Paketlemeniz cidden taktire şayan dı soğumaması için iyi emek verilmiş. Tadı zaten bildiğimiz lezzet anlatmaya gerek yok.,10.0,10.0,10.0,1606177392
Kuryelerinizi davranış konusunda uyarmalısınız. Çok çalışıyorlar allah kolaylık versin biraz fikkat sadece.,6.0,1.0,8.0,1606090992
Normaldi.,7.0,4.0,3.0,1606090992
Hem soğuk geliyor hem de ürüne göre fiyat fazla.,8.0,10.0,6.0,1606090992
Güzel.,10.0,10.0,10.0,1606090992
Teşekkürler.,10.0,9.0,9.0,1606090992
Lezzeti güzel.,8.0,8.0,8.0,1606090992
Bozmuş.,1.0,1.0,1.0,1606004592
Çok hızlıydı kurye çok samimiydi sağolun varolun.,10.0,10.0,10.0,1606004592
Eritme söyledim buz gibi geldi ne kağıt poşete konulmuş ne özen gösterilmiş sıradan bir poşete konulup gönderilmiş geç gelmesine rağmen iyi bir şey yapsaydınız bari.,1.0,1.0,1.0,1606004592
Özellikle mayoneze alerjimiz olduğunu ve katılmaması gerektiği notunu yazdığım halde hepsi mayanozli ve buz gibi geldi ve direk çöp oldu 70 tl asla ama asla tavsiye etmiyorum daha öncede aynısı oldu telefon ile siparişimde bizzat söylediğim halde berbatttt.,6.0,1.0,1.0,1606004592
Tadı gerçekten güzel malzeme bolluğıda güzel servis de güzel ama ekmeği küçük olduğu için doyurucu değil açıkcası karnı doyuran kola.,8.0,4.0,10.0,1606004593
Son siparişimdi.,1.0,1.0,1.0,1606004593
Müjemmel.,10.0,10.0,10.0,1605918193
Kötü soğuk.,1.0,1.0,1.0,1605918193
Beter.,1.0,1.0,1.0,1605918193
Rus salatalı izmir e ek ekstra eritme kaşar istemiştim ama eritme yoktu rastgele konmuş vaziyette geldi. Ayrıca rus salata da içinde araya araya zor buldum. Siparişlere daha dikkat edilmeli.,8.0,8.0,6.0,1605918193
Ekmeğin bir kısmı yanıktı.,10.0,10.0,4.0,1605918193
Ekmek daha taze ve patates kızartması daha faa olsaydı keşke. Onun dışında güzeldi.,8.0,9.0,5.0,1605918193
Sabahtan kalma patates geldi ufacık bir kumru geldi ve yemekler çok soğuktu.,1.0,1.0,1.0,1605918193
Porsiyonlar git gide küçüldü gitti.,1.0,1.0,1.0,1605831793
Sanki lezzet eskiye gore bozulmus ekmekler kuruydu sosislerin tadi degisikdi bu sefer eski yedigimiz izmir lezzetini alamadik.,10.0,10.0,5.0,1605831793
Her zaman ki gibi 10 numara.,10.0,10.0,10.0,1605831793
Tam 1 saat 21 dakika geldi sipariş 45 dk önceden tamamlandı diye görünüyor yanında turşu bile yok buz gibi bir yemek geldi bu son siparişimdi.,1.0,1.0,1.0,1605831793
Herşey güzeldi yanlız patates kızartması daha sıcak olsaydı daha iyi olunurdu.,3.0,1.0,8.0,1605831793
Güzeldi.,10.0,10.0,10.0,1605745393
Patatesler bayatlamıştı resmen. Ekmeğin üstü yoktu sadece altına koyup getirmişler. Malzeme olarak iyiydi arası.,8.0,3.0,4.0,1605745393
Açken idare ettik ancak çok hoşuma gitmedi patatesler tüm gün kalmış bana gelmiş gibiydi sosisler ekmeğin dışına fırlamış gibiydi. Yine de eyvallah.,8.0,8.0,7.0,1605745393
Porsiyon biraz küçüktü yanında karışık turşu yerine acı biber turşusu daha güzel olurdu.,9.0,7.0,8.0,1605745393
Lezız.,8.0,8.0,9.0,1605658993
Yanık suana kadar yedım en koyu yemektı.,1.0,1.0,1.0,1605658993
Patates kızartmasını unutmayın bir daha.,9.0,1.0,5.0,1605658993
Görseldede turşu biber olmasına rağmen göndermemeniz ayıp.,10.0,1.0,10.0,1605658993
Mehmet şahin adamdır.,10.0,10.0,10.0,1605572593
Mükemmellik.,10.0,10.0,10.0,1605572593
Her zamanki gibi efsoo. Yalnız paketlerken kutular gelmemeye başladı.,10.0,10.0,10.0,1605572593
Çok kötü.,1.0,1.0,1.0,1605572593
Bu aralar çok kötü.,5.0,1.0,1.0,1605572593
"Şimdiye kadar kimseye 1 puan vermedim ama iso 1i bile haketmiyor. 24. 5 lirayı sade kumpire harcadım resmen:d sade derken dümdüz sade(benim özel isteğimdi), tereyağı yok kaşar yok, bir tane patatese 24. 5 istedikleri için pu puanı veriyorum.",1.0,1.0,1.0,1605572593
Gayet başarılı.,10.0,10.0,10.0,1605572593
"Köfte porsiyonu azalmış, tadı değişmiş ve tabikii pidesiyle birlikte yanık geldi. Aç olunca yemek zorunda kaldık ama kesinlikle bir daha sipariş verilmez. Ya el değiştirmişler yada gerçekten artık çok kötü.",5.0,1.0,1.0,1605486193
1 saat sure de geldi kokorec soguktu ekmegi bayat gibiydi. Hamburger sasirtici derece de guzeldi ve gayet sicakti anlam veremedim biri soguk biri sicak kunefe de fena degildi.,1.0,5.0,5.0,1605486193
Kolayı getirmeyi unuttular.,3.0,2.0,7.0,1605486193
Baharat kullanıyorsanız biraz daha az olabilir onun haricinde herşey güzeldi.,10.0,9.0,8.0,1605486193
Teşekkürler.,9.0,9.0,9.0,1605486193
. Güzel ve hızlı bir servisti.,9.0,9.0,8.0,1605399793
Bad.,1.0,1.0,1.0,1605399793
Çok hızlıydı. Teşekkürler.,10.0,10.0,10.0,1605399793
Tam 1 saatte geldi ve patatesler buz gibiydi.,2.0,7.0,5.0,1605399793
"İzmir eritmede, sosis haricinde pek bir şey yoktu, eripme peynir bir dilim ve erimemişti.",6.0,6.0,6.0,1605399793
Sadece 1 gün aradan sonra sipariş verdim midyeler kokuyordu istanbul kokoreç istedim sade kokoreç geldi 1 saatte geldi sipariş tek iyi yanı paketçinin güleryüzlü olması.,6.0,1.0,2.0,1605399793
Şaşkınım uzun bir aradan sonra lezzetli ve doyurucu bi kumru yedim patateslerde tazeydi aman allahım umarım hatanızı geçte olsa farketmissinizdir ve kendinize çeki düzen vermeye başlamıssınızdır ve buda o sihirli kumrudur...,8.0,8.0,10.0,1605399793
Sosis ler eski yağda pişmiş ve bekletilmiş kararmıştı bazıları kurumsu kurumsu idi patetez kızartmasıda aynı şekilde.,1.0,1.0,1.0,1605399793
Siparişim beklediğimden hızlı ve sıcak geldi teşekkürler.,10.0,10.0,10.0,1605399793
Kurye ali arkadasa teşekkürler güler yüzlü bir arkadas hızlıca getirdi. Lezzette gelecek olursak tartışılmaz nokta.,9.0,9.0,10.0,1605399793
Gayet nice kumpir.,7.0,10.0,9.0,1605313393
Yani nerde o eski iso. Eskiden izmir eritme soylerdik ne ekmei kapatabilirdik ne de yemegi bitirebilirdik. Lezzetli mi evet lezzetli ama findik lahmacun gibi olmus.,4.0,3.0,10.0,1605313393
Goodd.,10.0,10.0,10.0,1605226993
İso yani cokta söyleyecej bisey yok.,10.0,10.0,10.0,1605226993
Pişmemişti servis fena değildi ama hızlıydı.,8.0,6.0,5.0,1605226993
İyi.,10.0,10.0,10.0,1605226993
1 saat 30 dakikada geldi. Başka yorum yok.,1.0,8.0,8.0,1605226993
Bozmuş.,8.0,9.0,6.0,1605226993
"Soğuk geldi, tavuk da az pişmişti, 26liralık menü içi kupkuru, çok şaşırttı beni, bir müşteri kaybettiniz.",8.0,5.0,2.0,1605226993
Güzeldi.,10.0,10.0,10.0,1605140593
Çok geldi soğuktu.,1.0,1.0,1.0,1605140593
Eski kalite yok.,10.0,10.0,6.0,1605140593
Notlar kısmına özellikle çatal istememe rağmen gelmedi.,9.0,4.0,8.0,1605140593
Efsanevi.,10.0,10.0,10.0,1605140593
Her seferinde umarım düzelmiştir diyip sipariş veriyoruz fakat her seferinde pişmanlık yaşıyoruz yapamıyorsanız bırakın kardeşim miletin ekmeyle de oynamayın 130 saatde geldi sipariş çıkıcam dedim halde evden buz gibi kaşar işi bırakmış zaten gelirken turşu yok ıslak mendil yok ekmek bayat.,1.0,3.0,1.0,1605054193
Beğenmedim.,1.0,1.0,1.0,1605054194
Ekmek giderek küçülüyor.,3.0,1.0,2.0,1605054194
"Şöyle bir problem var, turşu getirdikleri kabın içinde yenmiş turşu atığı vardı. Ne yediğim izmir yeterince lezzetliydi ama böyle bir rezalet olamaz yani. Tadım tuzum kaçtı. Bir daha sipariş vereceğimi düşünmüyorum.",10.0,10.0,1.0,1605054194
1 saatte gelen sipariş ne kadar iyi olabilirki.,5.0,7.0,7.0,1604967794
Eritmeyi severek yiyorum sizden porsiyonu küçültmeyin lütfen paket gelirken 3 5 paketle aynı anda gönderdiğiniz zamann buz gibi oluyor sadece sıcak gelmesini istiyorum iyi çalışmalar.,10.0,10.0,10.0,1604967794
İstediklerim hicbir şekilde önemsenmemiş. Mayonez ve turşu istemedim. Ayrıca ters eritme istedim. Ama mayonezde vardı turşu da ters eritmede değildi. Ayrıca ekmek soğuk ve bayattı. Ben aynı yerden defalarca sipariş veriyorum. Bu ilk değil gerçekten işinizi önemsemediginizi düşünüyorum.,5.0,1.0,1.0,1604967794
Teşekkürler...,8.0,8.0,8.0,1604967794
Hızlı ve lezzetliydi böyle devam.,10.0,10.0,10.0,1604967794
Süper.,10.0,10.0,10.0,1604881394
Her zaman olduğu gibi lezzet süper. Gelen arkadaş çok güler yüzlüydü teşekkürler.,10.0,10.0,10.0,1604881394
"Müthiş bir pozitif değişim olmuş, hız lezzet baya iyiydi şaşırttı beni.",10.0,10.0,10.0,1604881394
Bileğim kadar sosisi yarıya bölüp ekmek arasına koymuşlar sözde yengen diye ama ye nin yanından bile geçmiyor yengeni geçtim yani.,8.0,8.0,1.0,1604794994
"Çiy sosis yedirirler, yengenin sosisini ikiye bölüp koymak nedir, hiç mi nasıl olacağını bilmiyorsunuz, yakışmadı.",5.0,5.0,5.0,1604794994
Gece gelen kumruların lezzeti gittikçe düşmeye başladı. Kurye arkadaşlar çok güleryüzlü.,5.0,5.0,2.0,1604794994
Maske olmaması düşündürücü.,9.0,4.0,9.0,1604794994
Her şey bayat ekmekten patatese kadar her şey!,10.0,8.0,1.0,1604794994
Siparişim soğuk geldi.,7.0,7.0,7.0,1604794994
Soğuk geldi ve sipariş eksikti.,1.0,1.0,5.0,1604708594
Bu kadar soğuk gelmemeliydi nerde o eski lezzetler.,5.0,5.0,1.0,1604622194
1 saat 15 dk da geldi. Ve içeceğin biri unutulmuştu. Kurye sağolsun marketten alıp getirdi.,6.0,6.0,9.0,1604622194
Notta mayonez istemedigimi ozellikle belirtmeme ragmen mayonezden dolayı yiyemedim.,6.0,6.0,1.0,1604622194
Patatesler soğuk ve taze yapılmış değildi.,6.0,6.0,6.0,1604622194
İstediğin gibi gelmiyor sipariş herşeyine 0.,1.0,1.0,1.0,1604622194
Bi tık daha hızlı olsa keşke.,5.0,9.0,9.0,1604622194
Siparisin gec gelmesi dışında kurye ali beye gösterdiği ilgi ve alaka için teşekkür ediyorum...,10.0,10.0,9.0,1604622194
Kumpir buz gibi ve özensiz di.,3.0,1.0,1.0,1604622194
Künefe haricinde efsaneydi.,10.0,10.0,10.0,1604535794
Gayet güzeldi.,9.0,10.0,8.0,1604535794
Fp.,9.0,9.0,9.0,1604535794
Malesef eski lezzeti kalmamış.,7.0,7.0,5.0,1604535795
Hızlı geldi.,10.0,10.0,10.0,1604535795
Prrrr.,10.0,10.0,10.0,1604535795
Yavaş.,1.0,1.0,1.0,1604535795
Kötü.,1.0,1.0,1.0,1604535795
Bundan 2 yıl öncesine kadar çok harikaydı her şey şimdi çorbalar ekşimiş yemekler kokmuş paranızı çöpe atmayın.,1.0,1.0,1.0,1604535795
Böyle bir sevgi gizli kalmalı şefimizin ellerine sağlık hayran kaldım.,10.0,10.0,10.0,1604535795
Siparişin geç gelmesi dışında bir sorun yok.,1.0,10.0,10.0,1604449395
Çok geç geldi post olmadı salamlar sosisler hepsi dişardaydi soğuktu.,3.0,3.0,2.0,1604449395
Servis elemanın kibar davranışı gerçekten güzeldi teşekkür ederim.,8.0,8.0,8.0,1604449395
Serviste sınıfta kaldı.,6.0,4.0,8.0,1604449395
Niye puanı düşük anlamıyorum. Çok lezzetli notları dikkate alarak iş yapıyorlar. Ellerinize sağlık valla.,10.0,10.0,10.0,1604449395
Kuru kuru buz gibi patates sert bari servisiniz yoğun erkenden çıkartıp bekletmeyin tam 1 saat 28 dakika.,1.0,1.0,3.0,1604449395
Hayatımda yediğim en kötü eritme! Herzaman söylediğim yer soğuktu özellikle doyurucu olması için bol eritme kaşarlı söyledik ve 3 tane yazık bir tanesine 24 tl para ödüyoruz içerisine azcık koymuşsunuz ve yanında gönderdiğiniz patatesler o kadar sert ve soğuktu ki arkadaş kürdan yerine kullandı!,1.0,1.0,1.0,1604362995
Adam.,10.0,10.0,10.0,1604362995
Soğuk ve çok geç geldi 65 dakikada. Tamam geç olabilir iş yoğunluğu ama soğuk olması çok iyi değildi sanırım bir daha oradan sipariş vermeyeceğim...,1.0,1.0,1.0,1604362995
Normalde kolay kolay yorum yapmam ama teslimat yaklaşık 1 buçuk saatte geldiği için ve patatesler yenmeyecek kadar soğuk olduğu için sadece kumruyla yetinmek zorunda kaldım. Sinirlendim.,2.0,4.0,5.0,1604362995
"Çatal, kürdan, ıslak mendil, tuz vs vs eksik iş yapılıyor. Tekrar tercih etmemiz mümkün olmayacak. Paketçi arkadaş geldiğinde maske takmıyordu ve devamlı hapsuruyordu elindeki sipariş poseti var iken. Sonuç olarak yemedik. Allah affetsin çöp oldu. Yinede hayırlı işler dilerim.",1.0,1.0,1.0,1604362995
Ekmeğe yerleştirme sekli son aşamada duzeltilmeli altta katlanmış geliyor hep.,10.0,10.0,8.0,1604362995
Siparisin gelen urunle alakasi yoksogukpatatesler iki gunluksiparisi de sabah soyleyin aksama gelir.,1.0,1.0,1.0,1604276595
Çok geç ve soğuk geldi. İlk tercihimdi her zaman üzdü.,1.0,8.0,4.0,1604276595
"Tipik iso, yıllardır ne geliştirmek adına bir şey yaptı ne de tadından bir şey kaybetti.",8.0,8.0,8.0,1604276595
Özellikle kaşarsız olmasını yazmama rağmen alerjim olduğumu belirttiğim halde kaşar koymuşlar yiyemedim teşekkür ederim.,1.0,1.0,1.0,1604276595
Gelen yiyecekler soguk geliyor hiza ve servise onem vermeyecekseniz kapatin orayı bosa masraf etmeyin.,5.0,6.0,6.0,1604276595
Efsane..,9.0,10.0,10.0,1604276595
Teşekkürler.,9.0,9.0,9.0,1604276595
Aldığınız paralar haram çorba söyledim ekşi çorba gönderdiniz insanlar parayı kolay kazanmıyor so kumrunun bir adı vardı şimdi hiçbir şey kalmadı.,1.0,10.0,1.0,1604276595
2 saate geldi gercekten 2 saate geldi ve inanilmaz soğuktu surekli yogunluktan bahsediyordu lezzet de gercekten vasattı umarim böyle devam etmez.,1.0,1.0,2.0,1604276595
Kumruda bir numaraaa.,10.0,10.0,10.0,1604276595
Yemeği beğenmedim sadece salam sosis vardi.,8.0,1.0,1.0,1604276596
Hayatımda yediğim en küçük izmir bol döküm kaşar eritmeli sandviç parasını hak etmediğini düşünüyorum.,8.0,8.0,9.0,1604190196
Eskiden daha mı iyiydi acaba.,10.0,9.0,8.0,1604190196
Fiyatına göre porsiyon çok küçük üç tane yesem anca doyarım.,9.0,6.0,9.0,1604190196
Siparişim 1 saat 13 dakika da geldi ve mesafemiz 3 km yoktur. Şubeyi aramama rağmen açan olmadı. Böyle müessese olmaz...,1.0,1.0,1.0,1604190196
2 menü söylememe rağmen tek ayran geldi ayrıca yengenin içindeki sosisler o kadar bütün atılmıştı ki içi pişmemişti. Ayrıca kuryenin dudakları bile kıpırdamıyor birşey soruyorsun hiç cevap yok ödemeyi alıp direkt gitti tek kelimesiz.,10.0,1.0,3.0,1604190196
Çok geç geldi.,1.0,1.0,1.0,1604190196
Sandviç güzeldi ama patatesler berbattı.,9.0,9.0,8.0,1604190196
1. 30 saatte geldi buz gibi kurye de saygısızdı.,1.0,1.0,1.0,1604190196
Ellerinize saglık.,10.0,10.0,10.0,1604190196
Büyütücü kullunilmali.,9.0,8.0,9.0,1604190196
Kral mehmet.,10.0,10.0,10.0,1604190196
Sipariş veriyorum 1. 30 saate getiriyosunuz biraz daha erken getirirseniz herkes çok memlun kalıcak bence.,1.0,5.0,6.0,1604103796
"Servis hizi ve takip uygulamasi cok iyi. Fakat izmir porsiyon o kadar kuculmus ki, eskiden yedigimin neredeyse yarisi kadar. Bu haliyle doyurucu degil kesinlikle.",9.0,9.0,8.0,1604103796
"Kumpiri bırakın, hem küçük hem içinde nasılsa patates yok.",1.0,1.0,1.0,1604103796
Gayet güzeldi...,10.0,10.0,10.0,1604103796
Lezzeti çok kötüydü hazırlanması ve geliş hızı da çok yavaştı soğuk geldi.,1.0,1.0,1.0,1604103796
Defalarca sipariş verdiğim halde her siparişte adres soruluyor. Açık bi şekilde belli zaten. Hız da yetersiz biraz. Genel olarak memnunum.,6.0,10.0,10.0,1604103796
Notları dikkate alin lutfen.,8.0,8.0,4.0,1604103796
Sandwich ekmeği çok çok çok küçülmüş. Ortalama 4 km mesafe için gecikmeli geldi ve soğuktu. Bahrat açısından cimrilik yapılmış ve garnitür olarak önceden ya da restoran servisinde sunulan turşu gibi ürünler için cimrilik yapılmış. Yeni sipariş vereceğimi zannetmiyorum. En markayı bitirmeyin.,5.0,1.0,1.0,1604103796
Lezzette bir sorun yok fakat bol döküm böyle olmaz. İçinde bol bol sosis olur. Bunda o kadar azalmış ki sosis aradım içinde resmen.,10.0,10.0,5.0,1604103796
Hiç hayatımda öyle bi yengen yemedim kupkuru sadece sosisten ibaret ketçap ve mayonez koklatılmış.,7.0,10.0,5.0,1604103796
Hız olarak biraz yavaş.,10.0,10.0,10.0,1604103796
Şaşırtmadı hala lezzetsiz yavaş ve özensiz.,1.0,1.0,1.0,1604017396
3. Defadır ketçap mayonez koyulmuyor acep exrami sos sipariş ettiğim ürünun içeriğinde de belirtilmis ama 3 oldu bu.,3.0,3.0,1.0,1604017396
İyiydi.,10.0,10.0,10.0,1604017396
Siparis 2 saate gelicek en son gelsin mi diye aranacak cok hoş bi yaklaşım.,1.0,1.0,1.0,1604017396
"Mükemmel dolulukta, ve lezzetli, teşekkürler.",10.0,10.0,10.0,1604017396
Ekmek lastik gibi ve bayat. Patateste öyle. Zorla yedim. Maalesef daha önce yedigim iso kumruyla alakasi yoktu.,5.0,1.0,2.0,1604017396
İyi de değil kötü de değil. Kuryeniz maske taksın teşekkürler.,7.0,6.0,7.0,1604017396
"Memnun kaldım, tavsiye ederim (:.",10.0,10.0,10.0,1604017396
Notlara dikkat etmeniz gerekir.,7.0,9.0,6.0,1604017396
Siparişi geldi diye kapattılar ve sipariş gelmedi yani sipariş için çok umutlanmayın arkadaşlar.,1.0,1.0,1.0,1604017396
Çok aç değilseniz söyleyin zira yemek o kadar geç geliyor ki mecbur acıkıyorsunuz.,1.0,1.0,1.0,1604017396
Siparişim yanlış geldi geri yolladım 1 saati geçti ve kolayı açmıştım asiti kaçtı içemedim.,3.0,3.0,3.0,1604017396
İyidir.,8.0,9.0,9.0,1604017396
"İçeceklerim getirilmedi, parası kesildi fakat satın alınca 6 lira olan içecekten 2. 5 lira kesildi.",7.0,1.0,7.0,1604017396
Soğuk geldi ve geç geldi hiç keyif alamadım.,8.0,5.0,6.0,1604017396
Gayet güzel.,10.0,10.0,10.0,1603979650
"Garson olan abi çok ilgili ama mutfak tamamen fiyasko hijyen sıfır eldiven yok adam ellerini daldırıyor sosise dikkat edilmesi gereken bişey ki bu zamanda daha da cok, ayrıca çalışanların kendi aralarında müşterilerin içinde argo konuşması hiç hoş değil yani garson abi dışında tavır tamamen fiyasko.",10.0,5.0,10.0,1603979650
Kokoreç harikabaşka yerden yemiyoruz kokoreçiancak içli köfte çok kızarmış üstü yanmış gibiydi.,9.0,8.0,9.0,1603979650
"Saat kaç olursa olsun hızlı ve lezzetli, ellerinize sağlık.",10.0,10.0,10.0,1603979650
Öncelikle ustamızın ellerine sağlık gayet lezzetli olmuş fakat hız yönünden son derece berbat ve yemekler oldukca soğuk geldi bu kalitedeki firmaya yakışmadı iyi çalışmalar.,1.0,1.0,8.0,1603979650
"Geç geldi, soğuktu.",5.0,5.0,6.0,1603979650
1 saat de siparişi teslim etmek yerine size uzak olan bölgeliri almayın o zaman. Birde sipariş adresi biraz uzak o yüzden gecikmişdir diye bahaneyle gelmeyin bizlere. Gelene kadar buz gibi olmuş her şey domates suyunu bile salmış ekmek ıslakdı yani içine de 4 5 tane tavuk koymuşsunuz dalga geçer gibi.,1.0,1.0,1.0,1603979650
Lezzeti çorbacı olmamasına rağmen ortalama.,10.0,10.0,5.0,1603979650
"Açıklamayı okumuyorlar. Lütfen yazmıştım, biliyordum aslında unutacağinizi.",1.0,1.0,8.0,1603979650
Turşunuz gerçekten kötü kokuyor ve berbattı kumpir cok bozmus :(.,7.0,3.0,2.0,1603979650
Maksimum 50 dk da geleceği söylenen sipariş 1 saat 10 dakika sonra yeni dükkandan çıkıyor. Suç paketçilerin değil işletmenin.,1.0,1.0,1.0,1603979650
Notumu dikkate almışlar ve gerçekten kumpir çok güzeldi sadece kaşarı ve tereyağı biraz daha fazla koyabilirdiniz ama güzeldi teşekkürler.,10.0,10.0,10.0,1603979650
Teşekkürler güzeldi.,10.0,9.0,8.0,1603979650
Sadece hızlı geldi. Patatesler kendinden geçmişti. Malzemeler dökülmüştü.,10.0,2.0,1.0,1603979650
2 saat te gelen bir sipariş daha ne olsun.,1.0,7.0,1.0,1603979650
"Güzeldi, elinize sağlık.",10.0,10.0,8.0,1603979650
Fiyatları zamlandırıp porsiyonu küçültmek size yakışmadı önceden bitiremediğim kumru karnımı bile doyurmadı.,8.0,6.0,5.0,1603979651
Good.,10.0,10.0,10.0,1603979651
Çok geç geldi soğuktu.,1.0,1.0,1.0,1603979651
Her şey çok güzel lezzet harika antalyanın en kaliteli ürün kullanan kumrucusu fakat fiyatlar çok yüksek.,9.0,10.0,10.0,1603979651
Teşekkür ederim.,10.0,10.0,10.0,1603979651
Biraz pahali ama olsun.,10.0,10.0,10.0,1603979651
Gelen personel maske takmıyordu. Pandemi zamanında bu kadar sorumsuz bir davranış kabul edilemez. Söylememize rağmen maske takmamaya devam etti.,1.0,1.0,1.0,1603979651
"Hız yavaş servisleri eksikti ama lezzet olarak çok iyiydi, belki de o gün çok yoğunlardı bilmiyorum.",7.0,7.0,9.0,1603979651
Hız servis lezzet her zaman aynı gerek kuryeci arkadaşımızın güler yüzlülüğü olsun gerek lezzetler olsun 10 numara.,10.0,10.0,10.0,1603979651
Ketçapsız istemiştim ama bol ketçaplı geldi resmen.,8.0,1.0,1.0,1603979651
Fena değil.,7.0,7.0,7.0,1603979651
Güzeldi.,8.0,8.0,8.0,1603979651
1 saat 20 dakikada bir aspirin gelmez mi ya anlıyorum yoğun olabilir ama ona göre personel temin edilir bu yolda yürünür ama bu markaya yakıştıramadım bunu bir daha sipariş vereceğimi sanmıyorum.,1.0,1.0,1.0,1603979651
Muharrem adlı çalışanın telefondaki azarlayıcı konuşma tarzı adresin kayıtlı olduğu yerin ve sürekli istediğimiz yerin yanlış olduğunu söyleyip ters üslupla bizimle iletişime geçmesi can sıkıcı bir durum.,1.0,1.0,3.0,1603979651
Sosisler salamlar pişmekten kurumuş bi kısmıda yanmıştı ve kumru sana yağıyla yapılmıştı eskiden ismail usta isoyu ilk kuran kişi bu işi tereyağıyla yapardı doğrusuda o dur umarım düzeltirsiniz.,5.0,5.0,1.0,1603979651
Normal bir tost 50 dk geldi ve o kadar az malzeme koymuşlarki kuru ekmek yedim..,3.0,5.0,3.0,1603979651
Berbat kalite. Ekmeği küçücük menüydü güya patates vardı ancak saydım tam 5 tane koymasaydınız daha iyiydi aldığıma alacağıma pişman oldum parama yazık. En sevdiğim şehrimizin lezzetinden kalitesizlik akıyor. Kumru o kadar baharatlıydı ki hala midem yanıyor. Rezalet.,1.0,1.0,1.0,1603979651
Güzel.,10.0,10.0,10.0,1603979651
Menü doyurucuydu servis hızlı ve lezzetliydi çok beğendim.,10.0,10.0,10.0,1603979651
Yengen şimdiye kadar yediğimin en kötüsüydü.. Kaşar yok sosisler çiğ ekmek sandiviç ekmeğiydi küçücük..,1.0,1.0,1.0,1603979651
Bu dönemde sipariş getiren arkadaş maske takmaya özen gösterirse sevinirim.. Maskesiz geldi.. Lezzet çok güzel teşekkür ederim.,10.0,1.0,10.0,1603979651
Patates bayattı ama diğer herşey çok güzeldi.,8.0,9.0,9.0,1603979651
Daha iyi olablir.,7.0,5.0,6.0,1603979651
"Ellerinize sağlık, çok lezzetliydi çok!",10.0,10.0,10.0,1603979651
Çok geç geldi. 1saat üzeri sürdü gelmesi çok uzak olmamasına rağmen. Ürünlerde hafif soğuktu.,1.0,10.0,7.0,1603979651
Leziz güzel.,10.0,10.0,10.0,1603979651
İzmir sandvic gercekten cok iyi.,10.0,10.0,10.0,1603979651
Hızlı ve güzel.,10.0,10.0,10.0,1603979651
Kümefe iyi değildii.,8.0,7.0,7.0,1603979651
Hızlı adamlar kurye de efso kafa tebrikss.,10.0,10.0,10.0,1603979651
Güzel.,8.0,8.0,8.0,1603979652
Süper.,9.0,9.0,9.0,1603979652
Küçüktü azdı doymadım resmen önce bildiğim kumrucu iso kumrusu bu değil yani şekersiz kola istedim normal kola gelmiş zaten olumlu bir yanı yoktu yani.,5.0,5.0,4.0,1603979652
Ellerinize sağlık.,10.0,10.0,10.0,1603979652
Kumruları çok başarılı fakat siparişim 40 dkya yakın sürede ulaştı.,7.0,10.0,10.0,1603979652
Kusursuz.,10.0,10.0,10.0,1603979652
Kurye servet beye teşekkür ederim çok hızlı geldi ben bile inanamadım.,10.0,10.0,10.0,1603979652
Porsiyonlar cok küçük doymak icin 2 menü yememiz gerek. Lezzeti de değişiyor bazen iyi bazen kötü saman gibi.,9.0,6.0,6.0,1603979652
İyi.,7.0,9.0,9.0,1603979652
"Elinize saglik, mutlaka ararim siparis veririm demem ama yenilebilir.",8.0,8.0,8.0,1603979652
Kurye mehmet beye saygılar işini düzgün yaptıgı için adam resmen roket 3 dakka içinde evin önünde oldu uygulama iyi birşey.,10.0,10.0,10.0,1603979652
Mukemmeldi.,10.0,10.0,10.0,1603979652
Ekmek ve patatesler bayattı.,8.0,6.0,4.0,1603979652
Ekmek dipten katlanmiş geliyor hep zorlayıcı oluyor yerken.,10.0,10.0,8.0,1603979652
Kumpir o kadar küçük ki ikinci aldığım kaşıkta patatesin altını gördüm. Ilık geldi. Hiç doyurucu değil. Paketlenmesi harikaydı. Patatesin lezzeti yoktu.,7.0,10.0,1.0,1603979652
Ekmegin boyutu haricinde hersey cok guzeldi.,10.0,10.0,10.0,1603979652
Daha iyi olabilir.,7.0,5.0,5.0,1603979652
Guzel.,7.0,8.0,8.0,1603979652
İyi.,10.0,10.0,10.0,1603979652
Tavuk sis haric hic hepsi guzeldi.,10.0,10.0,10.0,1603979652
Süper.,9.0,9.0,9.0,1603979652
Kumpir iyiydi.,9.0,10.0,9.0,1603979652
Soğuktu hersey.,7.0,7.0,7.0,1603979652
Maalesef 1 saatte geldi ama lezzet muazzamdı...,6.0,8.0,9.0,1603979652
Ürünleri biraz daha sıcak getirebilirler.,8.0,7.0,8.0,1603979652
Berbat begen medik...,1.0,1.0,1.0,1603979652
Süper.,10.0,10.0,10.0,1603979652
Tam 1 saat 10 dakikada geldi patatesleri kızartıp 2 saat bekletip de göndermişgibiydi.,1.0,1.0,1.0,1603979652
Kral menü tek kelime süper.,7.0,10.0,10.0,1603979652
